B2=2.65
A=7.3
1=3.0
B=25.55
C=40.15
D=10.0
E={{237.61500000000004, 475.2300000000001, 712.8450000000001}, {950.4600000000002, 1188.0750000000003, 1425.6900000000003}}
F={{227.61500000000004, 465.2300000000001, 702.8450000000001}, {940.4600000000002, 1178.0750000000003, 1415.6900000000003}}
B1=25.0
